0100110101010011100010000010110101101101101101101101111101010101101000011101010101010101010101010101010101010101010101010101010101010101010101010101010101010101010101010101010110000101100110101101010101010101101001010101010101010101100110111110111101101101101111001101111011011101101111110011011111101101111111110110011011011011011011011011111101101111110110111111011011011011011101011011111011011111110110111111010001101010101010
430
0 166
195 1
1368 219
552 1
126 1
242 1
69 2
177 1
38 8
194 1
293 1
31 1
1365 4
412 1
133 1
82 1
86 1
934 1
339 1
324 1
118 1
92 1
93 1
148 1
89 2
103 1
986 1
591 1
748 1
852 1
757 1
108 1
481 1
121 1
276 1
