100110101010101010101010101010101010101010101010101010101010101010101010101010101010101010101010101010101010101001101000110110101010001000011011010101010101010101010101010101010101010101010101010101010101010101010101010101010101010101010101010101011110110110111101001110110011011101110110110101101110011011010110110101101101101011010110101101101011011011011010110110110110101101110010110110101101101101100001111010
414
0 184
359 1
1368 92
1365 1
336 1
1239 1
114 1
860 1
1305 2
676 1
1350 1
233 1
807 1
1241 1
172 1
591 1
203 1
1171 1
462 1
757 1
835 1
38 8
524 3
168 2
1280 1
517 1
616 1
180 1
409 1
130 1
1068 1
190 1
607 1
551 1
428 1
1019 1
115 1
925 1
962 1
178 1
954 1
1023 1
175 1
1110 1
1124 1
193 1
999 1
1102 1
1150 1
1311 1
189 1
1180 1
1106 1
225 1
449 1
176 1
1100 1
1240 1
237 1
1109 1
244 1
1321 1
1335 1
294 1
1345 1
1176 1
216 1
1029 1
253 1
1314 1
210 1
1266 1
1259 1
300 1
392 1
239 2
94 1
231 1
254 1
297 1
51 1
19 1
275 1
192 1
277 2
226 1
188 1
243 1
132 1
36 1
260 2
163 1
186 1
303 1
1334 1
181 1
142 1
236 2
269 1
353 1
257 1
166 1
121 1
1327 1
602 1
1298 1
69 1
240 1
27 1
86 1
134 1
30 1
273 1
200 1
54 1
118 1
74 1
311 1
15 1
195 1
530 1
48 1
147 1
362 1
546 1
