1010101010101010101010101010101010101010101010101010101010101010101010101010101010101010101010101010101010001100011011011010001010101010101010101010101010101010101010101101101101101101101101100001101110110110110110110110110110110110110110110110110110110110110110110110110110110110110110110001101101101101101101101101101101110110110110110111011011110110110110110110110111011011011011011011011011011011011011011011011011011011011011011011000110101010
448
1321 3
0 169
1368 247
1274 1
344 1
122 1
136 1
124 1
710 1
94 1
101 1
13 2
1257 1
163 1
370 1
97 1
297 1
30 4
831 1
1329 1
1063 1
213 1
1102 1
116 1
88 1
129 1
331 1
1201 1
