01010101010101010101010101010101011011011011011011011011011011011011011011011011011010000000110111011011010110110110110110111011011011011011011011011001010101010101010101010101010101010101010101010101000110110110110110110110110110110110110110110110110101010101010001010101010101010101010101011011011011011011011011011011011011011011011011011011011011011011011011011011011011011011011011011011011011011011011011011010
416
79 1
1321 3
0 156
1368 229
1274 1
119 1
325 1
122 1
136 1
124 1
94 1
101 1
13 3
111 1
953 1
163 1
327 1
829 1
30 2
110 1
97 1
686 1
1255 1
1114 1
1059 1
1034 1
213 1
102 1
