00100100110101010110001010100011101111100111101101101000000011111111101101101010101010010101010101010101010101010101010101101010101010101010101010101000011011011101101111011011101101101101101101101101101101101101101101101101101101101101101101101101011011011011011011011011011011011011011011011010110110110110110110110110110110110110111111110110111101101101111110110110110110110101100111011000110
395
0 147
192 2
1368 198
1360 2
581 2
126 2
534 1
194 1
242 2
63 2
38 3
31 1
553 1
80 1
70 1
108 1
369 1
115 1
94 4
102 2
98 1
196 1
113 3
168 1
93 1
861 1
150 1
100 1
153 1
132 1
1038 1
1119 1
117 1
353 2
96 1
206 1
39 1
