10111011011011011011011011011011011011011011011011011011011011011011011011011011111111110011011011011011011011011011011011010000111011010101010101010101010101010101011111110011011011011111001101000101101011011011011011110011011011011111111110110101101011011011111111111101101101111100111010011101101100101010101010101010101001101101001101001010101010101010
356
0 122
310 1
1368 172
903 1
13 9
556 1
488 1
394 1
658 1
351 1
912 1
514 1
120 1
435 1
1086 1
365 1
910 3
645 1
1084 1
576 1
355 1
887 1
359 2
890 1
122 1
179 1
427 1
891 1
916 1
521 1
886 2
313 1
192 2
112 1
607 1
602 1
490 1
69 1
83 1
577 1
1364 1
585 1
913 1
468 1
358 1
503 1
374 1
1072 1
105 1
612 1
330 1
