00100100111010101010101010101010100010110011011011011010001101010101010101010101010101010101010101010101010101010101010101010101010101010101010101010101010101111000010101010101010101010101010101010101010101010101010101010101011111110110110100110000001001011110110001101111111111010011000111010100001010110101011101100101001001010111011011110110011101101101101101101111111100101010101010101010101010110010101010101010101010101011100010101000110101101101101101101101101000110
473
0 209
198 2
1368 210
1360 2
122 2
126 2
639 1
258 2
78 1
109 2
616 1
715 1
699 1
452 1
1113 1
561 1
1 2
650 1
657 1
517 3
1365 2
317 1
595 1
152 3
51 3
700 1
712 1
695 1
619 1
271 1
1275 1
93 1
634 1
510 1
624 1
626 1
633 1
628 1
1002 1
500 1
387 1
615 1
