0001001001001101010011010100011010100110010101010101010101010101010100000000001010101010101010101010101010101001001001010101010101010110010101010101010101010100100100101011010101010101001010011000110001010101010101010101010111010100010101010101010110011000110011101101101101101110110110110110101011010101010101010101110101000101011110110110110110111101101000111011011011011011011011011011110011011011011011011011011011011011110011011011011111111110011011011110111101101110110110110110110110110110101010000000110110110
517
0 233
184 3
1368 227
142 3
126 3
368 1
258 3
407 1
324 1
327 1
326 1
1365 2
517 6
137 6
51 6
499 1
336 2
332 1
325 1
91 1
329 2
1259 1
310 1
1311 1
834 1
531 1
374 2
277 1
31 4
