01110110110110110110110110110110110110110110110110110110110110110110110110111111111001101101101111101101111111100011011111111111111111111111111100010001110011111101101011110101001101111111111100011011010101010100010110101011101101111111111101010100101001011010001101111111100001101100010101010100001111011011011011101101101111111101101111011111101101100011111101101111111111010111101111101101110111101101110111111111011011111101101111111101101101101110111111011110110111011111110110111101111111011011011111111100001001011111010111001110110111110110110101010101111011001101111000010111001011010010
596
343 1
0 171
1368 368
52 2
1049 1
250 1
107 1
194 5
195 1
10 4
93 4
189 1
258 2
31 5
66 4
436 1
242 1
213 1
104 2
121 1
547 1
410 1
105 2
579 1
1110 1
125 1
207 1
150 1
950 1
618 1
274 1
38 1
1187 1
139 1
355 1
323 1
108 1
1247 1
