001001001101010001101010011010101010101010101000000010101010101010101010101010101010101010101010101010101010001001001010101010101010101010101010101010101010101010101110100000011010010001010101011011011101101001110110010100110110110110110110110110110101011011011011011011010011011011001101101101101101101111111110110110110111111111111101110110110001101010100010111000000010100101001010101010101010101001010010111011011111001111111001101101101110100011011001101011011011011001001010101010111011011011011001111101010110110110110001101101101101011011011011011011011011011010010
573
0 215
189 2
1368 252
283 2
126 2
462 1
242 2
739 1
878 1
892 1
517 5
243 1
1203 1
137 4
51 5
868 2
890 2
880 1
883 1
865 2
62 1
723 1
877 1
882 1
339 3
864 2
888 3
875 2
881 1
715 1
405 3
870 2
895 1
851 1
175 1
344 1
871 1
869 3
932 1
1245 1
174 1
856 2
192 1
858 2
860 1
848 3
457 1
857 1
1284 1
859 1
377 1
397 1
846 1
581 1
27 1
845 2
288 1
847 1
451 1
843 1
533 1
629 1
640 1
849 1
747 1
981 1
454 1
678 1
664 1
485 1
933 1
641 1
784 1
654 1
