000111001101101010101010101010101010101010101110000000111111101101101101101111101101110110111010101010100101010101000101001001101110111111101101101001011011011010101011011011011011011011011001010110100011000001001101000101001010011011101111101011001101101101101010110110110110011011011011111110101010101010101010101010101010101010101000101010101010101010101010101010101010101010101010101010101010101010101010101110101101010010101010100111111011010110011011011011011011011011011011011011011011011110111011001101101100110110111100110110110110110111111011010
555
962 1
0 194
1368 265
93 1
938 1
952 1
950 1
940 1
943 1
925 2
62 1
888 1
928 2
937 2
344 1
942 3
339 2
924 3
1203 1
935 1
243 1
405 6
941 2
723 1
948 2
930 2
1284 1
931 1
929 2
986 1
1245 1
856 2
858 1
174 1
860 2
517 1
848 3
533 1
857 1
457 2
454 1
859 2
397 1
846 2
377 1
581 1
175 1
629 1
844 1
666 1
843 2
630 1
845 2
587 1
847 1
27 1
989 1
451 1
640 1
747 1
849 1
981 1
678 1
854 1
664 1
485 1
715 1
641 1
851 1
895 1
288 1
933 1
