011101101101101101100000100110110110110011011011011011101101011110110110110110101101101101010110110110011010101110111111001101101110001001011000101000100001110110110110110110110110110110110110110111011011011111101111011011011011100110110110110110110110110110111110011011001101011011011111111111011011011011111111101101101101101101101111111110011011011011011011011111111111101100101101101101101101101101101100110100110110010111011001101101110100010011010100010010110
465
310 1
0 150
1368 241
52 10
460 1
162 1
115 1
192 2
104 3
1039 1
1198 3
93 4
479 1
194 3
258 3
31 4
66 3
151 1
268 1
101 1
96 1
1174 1
1365 2
723 1
70 2
1095 1
484 1
89 1
938 1
97 3
635 1
966 1
95 1
544 1
1250 1
1114 1
326 1
122 1
105 1
603 1
100 1
112 1
213 1
130 1
198 1
228 1
