001101101101101101111011011011011111110110110110110111111110110110110111011011011011011011011011110110110110111111101101101101111110111111111011011011011111111110111110110110110110110110110111101101101101111011011011011011011011011011011011011011011011111111110110100101010101010101010101010101010101101101101101101101101101100110110110110110110110110110110110110111011111011011011011011111111001101101101100100111010101010101010101010101010101010101010101010101010101010110111101011011011011011011011011111010110110110111101101100110110110110111111110110110110110111111101011011011011011111110100001010101010101010101010101010110101101101101101111111011011011011011110110101011011011011011111111101101101101101111111011011011011011111011010011011011011011111111010110110110110111110110110110110110110110110111101101101101101101101101101101101111011011011011011011011111101101101101101101111111011011011011011110
912
282 1
215 1
1368 605
0 286
52 5
700 1
754 1
202 1
1322 1
214 1
5 1
246 1
223 1
207 1
1275 1
1304 1
104 1
1302 1
533 1
