00010010010011010100011010100110101001101101101001010000000001001001101100100101001010101001001001100011000110111001100101011001100110011101100000111010000111101101101101110101101101010101101010011101100110101101110100001101110100110110011011101101101010111010011011101110101101010110101101010101010101010101010101010100
320
0 134
195 3
1368 93
796 3
126 3
367 1
274 3
751 1
37 2
310 2
781 1
303 3
298 3
517 6
957 1
1218 1
314 1
701 1
156 6
51 6
296 3
309 2
967 1
302 2
927 1
1220 1
1134 1
297 5
294 1
157 1
300 2
299 2
1149 1
526 1
504 1
972 1
293 2
1104 1
617 1
1171 1
322 1
1318 1
793 1
691 1
685 1
493 1
1028 1
1099 1
1161 1
853 1
1083 1
1240 1
1135 1
790 1
295 1
