01001001101010100001101010100011101101101101101101000001001010101010101010101010101010101010101010101010101010001101110110110110110110110110110110110110110110110110110110110000011011101101101101101101101101101101101101101101101101101101101101101101101101101101100011011011011011011011011011011011011011011011011011011011011011011011011110110110110110110110110110110110110110110110110110110110110110110110100101010
413
0 147
193 2
1368 225
1293 2
85 2
169 1
294 1
186 1
43 2
61 2
30 4
1321 3
1274 1
371 2
127 1
136 1
124 1
23 1
997 1
94 1
101 1
918 1
163 1
356 1
170 1
97 1
13 1
984 1
1047 1
213 1
88 1
330 1
