101010101010101010101010101010101010101010101010101010101010101010101010101100101010101010101010101010101010100110100011011010101010011010100011000011110101101010101010101010101010101010101010101010101010101010101010101010101010101010101010101010101010101010110101101101101010110110110110110110110101101101101111111111101101101101110111101101101011010110110110101101010110110110110110101101101100001111010
405
0 180
1448 63
248 1
1140 1
176 1
647 1
1090 1
1062 1
319 1
165 2
783 1
1119 1
1035 1
89 1
1401 1
855 1
1390 1
1221 1
953 1
1371 1
422 1
846 1
1385 1
1300 1
517 1
153 1
1328 2
38 11
546 1
527 1
169 1
1278 1
496 1
626 1
525 1
210 2
776 1
180 2
409 1
130 1
901 1
42 1
608 1
558 1
1002 1
962 1
178 1
954 1
1023 1
175 1
1110 1
1124 1
193 1
999 1
1102 1
168 1
1150 1
1311 1
189 2
1180 1
1106 1
225 1
671 1
1184 1
940 1
1321 1
1335 1
294 1
1345 1
1176 1
216 1
1192 1
1243 1
253 1
1413 1
1394 1
213 1
1407 1
1284 1
196 1
1388 1
239 3
1121 1
1120 1
1301 1
1158 1
1326 1
275 2
22 1
19 1
1419 2
305 1
1443 1
1320 1
1392 1
28 1
231 1
1420 1
160 1
297 1
1387 1
112 1
1305 1
277 2
146 1
108 1
243 1
1418 1
260 1
83 1
106 1
303 1
1334 1
181 1
1415 2
53 1
236 2
273 2
257 1
86 1
41 1
1247 1
217 1
1434 1
73 1
280 1
1298 1
1437 1
240 1
1395 1
6 1
54 1
1398 1
56 1
267 1
1374 1
195 1
460 1
147 1
279 1
549 1
