010101010101010101010101010101010101010101010101010101010101010101010101010101010101010101010101010101010101010101001010000110110110110110110110101101101101101101101101101101100011011101100110110110110110110110110110110110110110110110110110110110110110110110110110110110110110110110110110110110110110100010101010101010101010101010101010110110110110110110110110110110110110110110110110110110110110110110110110110110110110110110110110110110110110110110100101010
459
84 1
1321 3
0 173
1448 251
1194 1
344 1
122 2
575 1
136 1
124 1
94 1
101 1
1221 2
142 1
163 1
370 1
148 1
30 3
752 1
97 1
446 1
697 1
1043 1
713 1
340 1
1063 1
213 1
702 1
1438 1
88 1
252 1
