10101010101010101010101010101010110110110110110110110110110110110110110110110110000000110110110110110110110110110110110110110110110110110110110110000110110110110110110110110110110110110110110110110110110110110110110110110110110100011010101010101010101010101010101011011011011011011011011011011011011011011011011011011011011011011011011011011011011011011011011011011011011010
374
1321 3
0 133
1448 216
1194 1
864 1
325 1
122 1
136 1
124 1
94 1
101 1
1221 2
1430 1
178 1
752 1
30 1
163 1
110 1
97 1
228 1
1034 1
213 1
22 1
1337 1
