10101010100011010101010101010101010101010101010101010101010101010101010101010101010101010101010101010101010101010111101010110111110101111111101101111011011111011011111110111011011111111111011011111111011011111110110110110110111011011110110111110001101111111110110110110110110110000010111111111111101101101101100100011011010010
326
551 1
0 104
1448 180
1438 1
26 1
367 1
605 1
33 8
165 1
299 1
881 1
150 1
93 1
339 1
1142 1
361 1
131 1
104 1
105 1
106 1
317 1
99 1
915 1
920 1
1046 1
1257 1
416 1
1024 1
1067 1
153 1
346 1
1113 1
97 1
63 1
265 1
94 1
336 1
