0111011011011011011011011011011011011011011011011011011011011011011011011011011011011011011011011011011011011011011011011011011111111111111110111000011010111011011011011011001101101101101101001101101001011011011011011100110110110110110110110110110111111111011110110110110111111111111110110110110111110110110110110110110111111100110111011110110101101101101101101101101101101101101101101101111111111111011111111000110110110110110011011011011011011011011011111101101101101111101101101101101101101101101111100110110110111011011011011011110110110110110111111111111111011011011011011011011011111110110110110110110110110110110110110110111101101101101111011011011011011111011011011011011011011011110110110110111101101101101101101101111110110110110111011011011011011011011110110110110110110110111111011110110110110111110110110110111011011011011110101101101111101101101101111011011011011111011011011011110110110110111101101101101111101101101101110101101101101101111110001101000110101010101010101010101010010
997
854 1
0 289
1448 669
1340 9
898 1
291 1
212 1
537 1
178 1
206 1
719 1
198 1
203 1
261 1
485 1
208 1
852 1
279 1
205 1
1063 1
865 1
262 1
214 1
888 1
200 1
1299 1
216 1
183 1
1157 1
1232 1
1071 1
199 1
1428 1
