011101101101101101101010101010101010101010101010101010101010101010101010101010101010101010101010101010101010101010101010101010111001010101010101010101010000101101010101010101010101010101010101010101010101010101010101010011010010011101110110110111111110110100101011011011011011111111111111111111111110110110110110110100101010101010101010100110110100101100110110110010101010101010
378
310 1
0 154
1448 161
824 1
981 10
235 1
1137 1
394 1
578 1
350 1
830 2
516 2
356 1
492 1
365 1
828 1
645 1
1084 1
574 1
355 1
426 1
808 1
359 1
811 1
1007 1
128 1
807 1
313 1
490 1
812 1
1012 1
25 1
32 1
24 1
1019 1
521 1
688 1
805 1
69 1
585 1
833 1
22 1
1347 1
358 1
343 1
373 1
829 1
1072 1
83 1
496 1
1124 1
105 1
532 1
1378 1
