001001001110101010101010101010001010011010101010101010101001100101010101010101010101010101010101010101010101010101010101010101010101010101010101010101010101010101010101010101010101010101010101010101010101010101010101010101010101010101010101001000000100101010101010101010101010001010101010101010011001101101101101101011000001100101101101101101101101101011011011011011011011101101100110101110110110110111111000101101101101101101101101101101101101101111101010001010010
465
0 210
198 2
1448 194
1200 2
1410 2
126 2
258 2
639 1
1446 1
29 4
457 1
715 1
699 1
380 1
985 1
561 1
1369 2
650 1
657 1
517 3
515 1
712 2
485 1
77 1
152 3
51 3
999 1
700 1
619 1
695 2
628 1
634 2
315 2
1060 2
626 1
633 1
1334 1
624 1
500 1
922 1
638 1
24 1
615 1
