001001001101011010000111011011011011001101000000010101010101010101010101010101010101010101010101010101010000010101010101010101010110101010101010101010101010100101010101010110110111010000000001011011011011011011011011011111011011011011011011011011011011101101101101101110110110110110110110110110110110110110110110111011011011011011011011011111101101101101101101101101101101101101111111101011011011010101010101010101010101010101010101010101010111111111010010
456
0 202
184 2
1448 212
1430 2
126 2
368 1
258 2
895 1
324 1
327 1
485 2
517 4
987 1
329 2
137 4
51 4
336 1
332 1
326 1
325 1
227 1
70 1
1162 1
1159 1
579 1
171 1
374 2
277 1
