011101101101101101101101101101101101101101101101101101101101101101101101101101101111111011011011011011110100001101110011001011011111010101000111101010101100011011111101100010011010011011011110000111101010110110101010111110101010000111010011111011011111011010111101000101011110101101101101101101101100001111101101101101101101101111011111110110111111101100011111111011011111011011111101111011011011011111101100111111111111111011011111011011110110110110110110110110110111101101111111011011101111101101111011111010001101101100011011010101100011011011011011011011011101110101010101010100001110000110011010100001101010010111111110110110110110110111101111111011011011101101010010
672
343 1
0 215
1448 384
1340 3
1161 1
250 1
107 1
194 6
1138 5
93 5
195 1
258 2
31 8
189 1
66 5
242 1
890 1
213 1
104 2
121 1
482 1
348 1
105 2
150 1
584 1
125 1
207 2
1230 1
536 1
274 2
38 1
82 1
1186 1
139 1
83 1
1381 1
179 1
720 1
21 1
464 1
304 1
460 1
108 1
1250 1
