0100100110101000110101001011010101010101010000000001001001010101010101010101010101010101010101010101010101010100001100010010101010101010010101010101010101010101010101010101010101010111010101011010000000000111011011011011010101100111011110010011001010001100001101110110101101101111011011101111111111101101101101111111111100110110101010101010110011001011011011010101010101011011011011011011010101010101010110110101010110111011010101101110110110110101100000101010001101101101101101100101101110110000101010010101100011101101101101011001011011001010101010100110110110110010
568
0 234
189 2
1368 221
283 2
126 2
462 1
242 2
1086 1
825 1
839 1
517 9
137 8
51 8
837 1
243 1
815 2
830 1
812 2
827 1
344 1
723 1
1203 1
888 1
339 1
824 1
829 2
62 1
811 3
822 1
828 2
835 2
405 5
817 1
818 1
816 2
803 1
805 1
807 1
795 3
1284 1
175 1
933 1
1245 1
174 1
457 1
879 1
454 1
397 1
804 1
377 1
806 1
793 1
192 1
533 1
792 2
27 1
581 1
794 1
790 1
451 1
715 1
796 1
629 1
640 1
981 1
747 1
678 1
664 1
485 1
851 1
895 1
288 1
731 1
654 1
