11010101010101010101010101010101010100000000000101010101010101011010101010101010101111111010101010111101101101111001010101010101101101010101000010101010101010101001001101101101101101101101110101010101010001010101010101010101010101111111010101010101010100000000010101010101010101010101010101010101101010000000000101010101010110101010101010101010101000100101010010010101010010110110110100101001110101010101010100011101000110110110110110111111011011011011011011011011011011011110110110110111001100110110110110110110110110011011011110
530
0 206
1368 234
428 1
885 1
899 1
897 1
887 1
890 2
872 2
875 2
884 2
889 2
871 2
344 1
62 1
405 7
723 1
882 2
888 2
895 4
243 1
877 1
851 1
1203 1
933 2
878 1
876 2
174 1
517 1
1245 1
533 1
339 1
803 1
805 1
807 2
795 3
804 1
806 1
793 1
989 1
457 2
397 1
454 1
377 1
629 1
791 1
451 1
790 2
27 1
792 2
666 1
794 1
581 1
630 1
587 1
796 1
640 1
747 1
801 1
981 1
664 1
678 1
485 1
175 1
715 1
1284 1
288 1
