1001001101010000110101000111001101101101101001000001101101110110110110110110110111010100011011011011011011011011011011011011011011011011011011101010101010110011000011011011011011011011011000000101010010110110110110110110110101101101101101101101101101101101101101101101101101101101101101101101101101101101101100110110110110110110110110110110101101101101101010101010101010101010101010101010101010101010101010011011011011011011011011011000110110110011011010100110110100010011011010100010010
487
0 184
190 2
1448 232
1038 5
93 6
177 1
310 1
194 4
258 5
66 5
38 1
1340 7
31 4
162 1
115 1
192 2
1023 1
151 1
89 2
104 1
197 1
97 3
267 1
849 1
1113 1
95 1
966 1
432 1
429 1
122 1
948 1
176 1
105 1
212 1
667 1
100 1
130 1
198 1
225 1
