0011010101010101010101010101010101011011110110110110110111011011011011011110110110110110110110110111011011011011011011011011011011011011011011011011011011011111011011011011011011011011011011011011011011011011101101011011011011011011110110110110110110111011011011011011011011001010101010110110101001001010101011011011011011011101101100110110110110111101111110110110110110111011011011011011101101101101101101101001001110101010101010101010101010101010101010101010101010101010101101101101101111101101101101111001101101101101101101101101111010110110110111110110110110110110110110110111110110110110110111010110110110110110111111111111111111110111101101101101101101101101110100101010101010101010101010101010101010101010101010101010101010101010101010101010101010101010101010101010101010101010101010101010101011011011011011011011101011011011011011011011011011011011011011011011011011011011011011011011011011011011011011011011011010010
925
282 1
215 1
0 335
1448 569
1340 4
665 1
202 1
477 1
214 1
3 1
246 1
223 1
207 1
832 1
856 1
1232 1
846 1
258 1
252 1
1407 1
