1010001110101010101000011101101100010000001010110100100101010000111101000110001100101010100011010011101110111011011010000001010110110110110101010011011101110000101001100110101101101100110110110011010110010110110110101101011110110110110110011001101101101101010101110101010100100100110100101010100101111001010010101011
316
0 133
195 2
1448 92
636 3
126 3
367 1
274 3
511 1
37 2
310 2
781 1
303 3
298 3
1138 1
540 1
309 2
517 4
1133 1
156 3
51 3
302 2
296 3
314 1
687 1
1445 1
1140 1
718 1
888 1
297 5
294 1
366 1
293 2
812 1
1011 1
1069 1
322 1
264 1
384 1
300 2
525 1
299 2
253 1
699 1
531 1
376 1
1317 1
1083 1
1028 1
853 1
632 1
441 1
1240 1
1135 1
158 1
295 1
372 1
31 6
