01001001101010100011010101000111110110110101101101101000110110110110110110110110110110110110001101101101101101101101101101101101101101111011011011010001111101101101101111110110101101101101101101101101101101101101101101101101101101100011111110110110110110110110110110110110110110110110110110110110110110110110110110110110110110110110110110110110110110110110110110110100101010
374
0 122
193 2
1448 209
1053 2
85 2
463 1
186 1
43 2
70 1
1321 3
1194 1
30 4
23 1
61 1
371 1
387 1
127 1
94 1
101 1
701 1
356 1
170 1
97 1
1177 1
832 1
1221 2
1365 1
163 1
802 1
1047 1
213 1
702 1
839 1
88 1
252 1
