110110110111110010110110110111101010000111110110110110110110110110110110110110110110110110110110110110110110110110110110100100110011001110101010101010101010101010101010111110101101111011011011111011010110111010101011011110101101111110111101101111011011011111110111010110110111111101101111111101110010110111011011110110110110110111110110110101101111111011011001101010101010
372
1368 216
0 123
1365 4
243 1
169 1
133 1
82 1
86 1
932 1
322 1
339 1
38 5
118 1
92 1
93 1
148 1
89 2
103 1
575 1
105 1
755 1
481 1
851 1
746 1
986 1
121 1
275 1
