101110110111101100110110111011011011011011011011011011011011011011011011011011010011010001101101010101000110000111101011010101010101010101010101010101010101010101010101010101010101010101010101010101010101010101010101010101011010110110111101101101101110110110110110110101101101101101101010110110101101011011010101101101010110110110101101101011011011011011011010110110110110110110110110110111111010100001111010
408
0 165
359 2
1368 88
557 1
25 1
1119 1
1035 1
1190 1
96 2
15 1
586 1
238 1
1043 1
584 1
119 2
547 1
528 1
38 7
169 2
1278 1
497 1
585 1
79 1
525 1
180 1
409 1
130 1
1061 1
42 2
190 1
551 1
925 1
962 1
178 1
954 1
1023 1
175 2
1110 1
1124 1
193 1
695 1
168 1
1150 1
1311 1
189 1
1180 1
1106 1
225 2
671 1
1184 1
176 1
1100 1
1240 1
237 1
1317 1
1198 1
244 1
1321 1
1335 1
294 1
1345 1
1176 1
216 1
1029 1
253 1
45 1
26 1
213 1
39 1
1284 1
196 1
6 1
132 1
239 1
835 1
210 1
1266 1
1259 1
300 1
1158 1
1112 1
18 1
1324 1
277 1
69 1
258 1
117 1
57 1
199 2
87 1
1327 1
276 1
84 1
116 2
311 1
287 2
1226 1
243 1
156 2
53 1
204 1
159 1
278 1
266 2
226 1
1246 1
306 1
273 1
283 2
128 1
179 1
1274 1
211 1
291 1
322 1
151 1
105 1
315 1
1361 1
1322 1
34 1
144 1
271 1
1360 1
29 1
255 1
8 1
1355 1
235 1
242 1
279 1
33 1
269 1
1358 1
909 1
606 1
147 1
549 1
