010101010101010101010101010101010101010101010101010101010101010101010101010101010101010101010101010101010101010101010011000101000110110110110110110110110110110110110110110110110110110110100011101110110110110110110110110110110110110110110110110110110110110110110110110110110110110110110100010101010101010101010101010101010110110110110110110110110110110110110110110110110110110110110110110110110110110110110110110110110110110110110110110110110110100101010
453
84 1
1321 3
0 173
1368 244
1274 2
1206 1
344 1
122 1
136 1
124 1
966 1
94 1
101 1
13 3
284 1
952 1
163 1
370 1
97 1
295 1
30 3
830 1
516 1
1114 1
1057 1
1063 1
213 1
1101 1
114 1
88 1
331 1
