10101010101010101010101010101010110110110110110110110110110110110110110110110110110100000001101101101101101110110110110110110110111011011011011011001101101001101110110101101101101101101101101101101101101101101101101101101101101101101101101101000110110110110110110110110111101101101101101101101101101101101101101111101100110110110110110110110111011011011011011011011110110110110110110
383
1321 3
0 129
1368 232
1274 1
119 1
325 1
122 1
136 1
124 1
94 1
101 1
13 2
163 1
902 1
110 1
97 1
36 1
1034 1
213 1
1099 1
377 1
