01001101010100001110111101101101000000001111111101010101010101010101010101010101010101010101010011011011011011011011011011011011011011100011011011011011110011011011011011011101101101101101101110110110110110110110110110110101111111011011011011011111111101101101101101101111110110110110110110011011101101101101101101101101111011011011011011011011001010010
353
0 120
224 1
1368 197
1360 1
581 1
126 1
177 1
546 1
242 2
63 3
38 2
423 1
80 1
70 1
109 1
115 1
94 2
102 2
98 1
113 2
93 1
150 1
100 1
153 1
132 1
96 1
611 1
1106 1
95 2
368 1
