10111011011011011011011011011011011011011011011011011011011011110011011011011011111101101101101101101101101101101101101101101100110110110000101110110110110110111111111111110110110111101101101001010100010110101101001110110110110110111111111110110110110111110110110110110110110110110111100111011011111110001110110100110101001010101010101010
338
0 108
317 1
1368 172
905 1
13 7
555 1
173 1
88 1
575 1
1364 1
389 2
658 1
351 1
913 2
596 1
435 1
56 1
192 1
543 1
198 1
201 1
365 1
909 1
645 1
1084 1
931 1
427 1
889 1
359 1
887 2
313 1
490 1
69 1
893 2
418 1
1238 1
48 1
264 1
585 1
422 1
59 1
358 1
914 1
503 1
374 1
829 1
1072 1
105 1
612 1
330 1
