00101000111001000111110110110110110100110101010101010101010101010101010010101010000001110110101010101101101011011011011011011010101010101010101010100000101010101010101010101010101010101010111010101010001010101010101010101010101101010101101010101010101010101010101010010101001010110000111111011101110110110110111011011101101101101101101101101101101101101101101101101101101101101101101100101000101010101010101010100110110101011000011011011011011101101011101000110001101010
470
0 209
517 6
152 6
51 6
677 1
1368 204
78 1
109 3
479 2
715 1
699 1
452 1
650 1
1365 2
317 1
657 1
700 1
695 1
1113 1
595 1
1275 1
510 1
561 1
1 2
712 1
271 1
619 1
634 1
93 1
624 1
626 1
633 1
628 1
387 1
1002 1
500 1
615 1
31 2
