00010010010011010101101010000110101001101101101101101010110110000000000110110110110110110110110101010101010101010101010101010111011010000100010010010010011011011011011010101010101010101010101010101010101010101010110110000011000011001100011001010111011011011011011101101101101101110110110110110101010101010101010101010101010101111101101101101101101111011001101101101101101101110110100110110110110110110110110110110111111011011011111111110011011011011011111111111111011011000000011011011101
488
0 210
216 3
1368 227
142 3
126 3
368 1
258 3
407 1
324 1
327 1
326 1
1365 2
517 6
499 1
91 1
137 6
51 6
336 1
332 1
325 1
329 1
1259 1
310 1
1311 1
834 1
531 1
31 3
