0111011011011011011011011011011011011011011011011011011011011011011011011011011011011011011011011011011011011011011011000111011011011011011011101101101101110110110110110110111011011011111110110110110111111101101101101101110110110110110110110110000111011011011011011011011111101101101111111110101101101001010100010101010101010101011111111110110110111111111110110110110110110110111101101101101101111011011011110110110110110111110110110110110110110110110110110110110110111111110110110111100011011011011011011111100110110110110110111111010011000011010101101001010010
562
360 1
0 172
1368 351
52 2
1049 1
250 1
302 1
1256 1
584 1
213 1
104 2
121 1
547 3
150 1
1090 1
406 1
105 2
193 1
125 1
1365 1
180 1
517 1
154 1
51 1
177 1
441 1
66 1
38 1
1187 1
139 1
354 1
322 1
112 1
229 1
108 1
1240 1
