0010010011010100011010100111001010101010101010000000100101010101010101010101010101010101001001001010101010101010101011001001010101010101010101010101010101010101010101101010101010101000010111010000001110011011011011011001101101101110111011011011101100110110011001100110110110110110110110110110111111111011011101111111111000110110110110110110011001101100101100110110110110101101101101101100101011011011010110110110110110110111101100001101011011010010110011100011011011101101101101101101101101110110100011011011011011011011011011011011011100010101011011011011010010
562
0 207
221 2
1368 252
283 2
126 2
902 1
242 2
727 1
878 1
892 1
517 5
137 4
51 4
890 1
1203 1
868 2
880 1
243 1
877 1
865 1
883 1
344 1
882 1
723 1
864 3
62 1
875 2
339 1
881 2
888 3
715 1
870 1
405 4
871 1
869 2
1245 1
932 1
174 1
175 1
856 2
858 1
933 1
860 1
192 1
848 3
533 1
857 1
457 1
859 1
454 1
846 1
397 1
377 1
581 1
845 2
847 1
27 1
843 1
851 1
451 1
849 1
629 1
640 1
747 1
981 1
678 1
664 2
485 1
1284 1
895 1
641 1
288 2
784 1
654 1
