0110101010101010101010101010101010110100000001110110111101101111110111100101101010110101101010111010101001101010010101000100110110110110011011011011011111101110110000101101101111100010110110011110011011011011101100000101101101100101101110111110001101100110110111011011111111111110011011111011010101010110110101010110110110110111111110011011111111111010110101011111011011011011011011101101111111011000001101101110110110110111010110110011011011011011111111001101101100110110111101101111111110
490
962 1
0 132
1368 265
115 1
938 1
952 1
950 1
940 1
943 1
925 2
344 1
928 2
62 1
937 2
888 1
339 2
942 2
924 3
243 1
935 2
723 1
405 6
941 2
948 1
1203 1
930 2
931 1
929 2
288 1
986 1
1245 1
174 1
517 1
856 2
533 1
858 1
860 2
848 3
857 1
457 2
989 1
859 1
454 1
846 1
397 1
377 1
581 1
844 1
451 1
843 2
27 1
845 2
629 1
847 1
666 1
630 1
587 1
849 1
747 1
981 1
854 1
640 1
175 1
678 1
664 1
485 1
715 1
641 1
851 1
1284 1
895 1
933 1
