0101010101010101010101010101010101101101111111111101101101101111111110011011011011011110110110111110110110110110110111111000011011011011101101101111011011011111111111011011011011111110110110110111110111110110110110110110110110110110111111101101101000010100110110110110111101010110111111110101011011011011111111110001101101101111111101101101111111101101101111111011011011011111111110110110110111111111011011011011110110110111111111011011011011011011011011011011011011111111110110110000101101101111111100110110110110110111111011110110110110110110111111111001101101111111011011011111011011011101101101100000111011110110101010101101101010101010010101010101010101010101001101101001101101101001100000000000101100101101101101111011111111111111100101111111111111111011011010111111111111001101101111111111011011011011011011111101011011111011011011111111101101101110111101101101111111111011111111111110111011011011111111111111111101001000100000011101110110110110110111011011011011110110110110110110101010010
997
159 1
1368 576
0 259
52 11
104 6
53 1
181 1
107 2
188 1
44 1
213 1
134 1
411 1
114 1
576 1
105 3
442 1
125 1
150 1
1365 2
735 1
1147 1
481 1
126 1
108 1
110 1
147 1
392 1
246 1
447 2
92 1
813 1
76 2
836 1
127 1
198 1
77 14
308 1
172 1
139 1
414 1
1354 1
231 3
384 1
230 1
1356 50
264 1
369 1
201 1
1322 1
290 1
80 4
704 1
116 1
82 6
528 1
164 1
541 1
161 1
529 3
595 1
725 1
1055 1
531 1
235 1
1224 1
681 1
229 1
561 1
