1011101101101101101101000111010101010101010101010101010101010101010101010101010101010101010101010101010101010101010101010101010101010101010101001000011101101101101101101101101101110110110111101101101111010110110110111101101101101101101111111111101110101101100110110011011011011101101101101101101101101101101101101101110110110110110110110110110100110110110110110110110110110110110110110011011011011011011011011011100110100011010101110110011011011010100110
454
0 167
310 1
1368 235
52 12
384 1
162 1
115 1
1143 1
624 1
151 1
268 1
104 1
101 1
96 1
1174 1
1365 2
723 1
70 2
1054 1
452 1
1268 1
89 1
937 1
97 3
739 1
93 1
963 1
95 1
391 1
1114 1
122 1
348 1
105 1
603 1
100 1
112 1
213 1
130 1
228 1
