00110110110110110111111111011011011011011111101101101101101111110110110110111011010110110110110110110110111110101101101101101101101101101101101101101101111110101101101101101111111011011011011011011111101101101101101111011011011011011011011011011011011011011111101011011011011011001101101101101101101101101101101101101111110110110011011011011011011011011111101101101101101101101110101101101101111111011011011010010011101010101010101010101010101010101010101010101010101010101011011011011011011011011011011111111011011011011011111110110110110110111111110110110110110110110111010110110110110110111011111101101101101101111111101010101010101010101010101011110110110110110110110111111111101111101101101101101101101101101111011011011011011111101101101101101101101101101101101101101101101101101101101111101101101101101101111110110110110110110111111011011011011011011111011011011011011011101111101101101101101101110
905
282 1
215 1
1368 604
0 278
52 5
38 1
662 1
104 2
645 1
202 1
1322 1
214 1
1365 1
7 1
246 1
223 1
207 1
1274 1
1304 1
1231 1
