000100100110101000110101001101101100010100100000000110001001001010011010100100101000110111001000011011011101100000011011000110011101101110001101010011011110101001111101110010110011010110110011011011011011001101011010110110011011011101101100101101100101111011011000111011001101110110011011011011011010110000000110101011010101101010
330
0 139
195 2
1368 92
796 2
126 2
367 1
274 2
751 1
37 2
310 2
517 7
781 1
303 3
298 3
156 8
51 7
309 2
1218 1
700 1
314 1
1134 1
296 3
927 1
967 1
302 2
300 2
299 2
958 1
1220 1
294 1
297 5
1317 1
793 1
616 1
526 1
293 2
972 1
1149 1
1171 1
322 1
504 1
1104 1
685 1
691 1
493 1
1099 1
1161 1
1028 1
853 1
1083 1
1240 1
1135 1
790 1
295 1
452 1
31 6
