100110000101101101101101100000110110110110110110110110110110110101111101100101101111001101101101101101101101101101100110110110110110100101110110110110110110110110110110110110110110110110110110110110110110110110110110110110110110110100110110110110110110110110110110110110110110110110110110110110110110110110110110110110110110110110110110110110110110110110110110110110110110110100101010
384
0 129
225 1
146 1
43 1
169 1
331 1
61 1
30 5
1321 2
1368 215
1274 1
1252 1
342 1
127 1
136 1
124 1
1356 3
1010 1
94 1
101 1
13 2
163 1
1086 1
356 1
170 1
97 1
34 1
1123 1
997 1
1047 1
213 1
371 1
88 1
330 1
