01001100011010111011011011011011011011011011011010001011101010101010101010101010101010101010101010101010101010101010101010101010101010101010101010101010111110010101010101011010101010101010101010101010101010101010101010101010101010101010101010101010101010101110001010101010101010101010101011011111011011011111101110110110111011011011011011011011011110110110111111111101101101101111111111011011011011011011011011011011111001101010101010
434
0 177
517 1
146 1
51 1
177 1
69 1
38 8
330 1
1368 214
408 1
134 1
83 1
87 1
1365 5
937 1
324 1
339 1
119 1
93 1
94 1
149 1
90 2
104 1
987 1
757 1
582 1
850 1
107 1
750 1
554 1
1292 1
84 1
277 1
