0101010101010101010101010101010101010101010101010101010101010101010101010101010101010101010101010101010101010101010010101010100001101101101101101101101101101101101101110110110110110110110001101101101000110101101101101101101101101100101010101010101010101010101010101101101101101101101101101101101101000101010101010101010101010101010101101101101101101101101101101101101101101101101101101101101101101101101101101101101101101101101101101101101101101101101101101100101010
466
84 1
1321 7
0 185
1368 243
1274 2
344 1
710 1
122 1
136 1
124 1
13 2
284 1
961 1
94 1
101 1
297 1
30 4
831 1
370 1
97 1
1255 1
804 1
163 1
218 1
1063 1
213 1
362 1
88 1
398 1
