01010101010101010101010101010101011011011011011011011011011011011011011011011011011010000000110110110110110110110111011011011011011011011011011011010011011011010001101101101101101101101101101101101101101101101101101101101011010110110110110110110110110001010101010101010101010101010101011011011011011011011011011011011011011011011011011011011011011011011011011011011011011011011011011011011011011011011010
404
79 1
1321 6
0 144
1368 226
1274 2
118 1
325 1
122 1
136 1
124 1
94 1
101 1
13 2
1081 1
163 1
297 1
30 3
830 1
110 1
97 1
686 1
1255 1
1114 1
1059 1
1034 1
213 1
111 1
