0100110001101101111011010101101101101101101101101101101101101101101101101101101101101101101101101111111011011011011011011011011011011011011011011011011011101101101101101111110011011011011101101101101101101111100110110100110110100011011011011011011001101101111111111111111111111101101101101101101101101101101011011011011011111000000110110110110111111011011011110110110111011011011011101110111111101101101111111111011011011011101101101101111111111101101111110110111111111011111111111110110110011011011011011011011011011011011011011011011011111111111101101101111110110110110110110111111111101101101101111111011011011011011101101101111111111011011011011111011011011011011011101101101101101101101101101101101110110110111111011011011111111011011011111111101101101110110110110110110110111111111111111111111111111111111111111111111111111011011011011011011011011111111111111111011011011111111111111111111111111111011011011111111111111111111011011011111111110110110111111000110110110110100001
982
0 236
517 1
154 1
51 1
1032 1
66 1
38 1
1368 709
52 2
104 1
631 1
291 1
947 1
212 1
1038 1
205 1
961 1
178 1
206 1
1365 1
198 1
203 1
261 1
208 1
279 1
214 2
985 1
262 1
1049 1
231 1
215 1
135 1
472 1
958 1
253 1
196 2
