0100110101010001111010111011011011011011011011011011011011011011011011011011011011011011011011011011111111101101101101101101101101101101101101101001010101010100001110101010101010101010101010101010111111101111110011101100101010001101010011101101111111110110110111111111111011011011111110110110110110111110
304
0 100
517 1
1368 156
1360 1
1057 1
126 1
177 1
274 1
50 1
42 1
38 2
317 1
903 1
13 7
555 1
330 1
88 1
577 1
1364 1
389 1
658 1
435 1
720 1
350 1
910 1
596 1
365 1
908 1
645 1
355 1
1083 1
885 1
359 1
576 1
811 1
48 1
251 1
891 1
1093 1
344 1
345 1
551 1
546 1
