010011000111001011101101101101101101101101101101101100011011101101101101101101101101101101101101101101101101000000101011110111011011011011011011011111111111001101110011111011011011011111011011011011111011100001000111011111111111100110011010
240
0 70
517 1
156 2
51 2
177 1
69 1
38 18
358 1
1380 83
18 12
1271 1
277 1
140 1
1210 1
260 1
1328 1
213 1
150 1
152 3
36 2
1101 1
136 1
350 1
151 3
154 2
155 4
315 1
563 1
118 2
314 1
1340 1
242 1
1049 1
409 1
353 1
157 1
165 2
148 1
1234 1
555 1
1104 1
529 1
354 1
569 1
153 1
402 1
102 1
1066 1
