01001100101110110110100110101010101010101010101010101010101001010010001101101101101101101101100000110010100101100100000111011010101010101010101010101011101011011001100110110110111111110110011011111111111111001101010101010101010101010101010101010101010101010101010101010101001101101101101101101101101101101101111111111101111111110111011011011000110111010110111011010101110110011011011100100101001011011011011111111100111000001110101010
434
0 174
517 6
152 6
51 6
783 1
1368 201
78 1
719 1
821 1
452 1
756 1
1365 3
317 1
763 1
806 1
595 1
805 1
801 2
481 1
818 1
1116 1
1275 2
271 2
667 1
1 2
725 1
93 1
740 1
624 1
732 1
1002 1
739 1
500 1
734 1
387 1
616 1
31 4
