00010010010011010100011010100110101001101101101101101010110110000000000110110110110110110110111001001010101010101010101001001001001001010101101101100011001101101011000001100110001100111101101101111000111011011010101010010101010101010101010101010101110101010010010101010101110101010101010101010101111011011011011010101010101010101010101010101010101010101010101010110110110110110110110111010110101011011011011011011011011011011011011011111111100110110111011110110111111111111011011011011000000011011101101
503
0 223
216 3
1368 227
142 3
126 3
368 1
258 3
407 1
324 1
327 2
326 1
1365 2
517 6
91 1
137 6
51 7
336 1
499 1
332 1
325 1
329 1
310 1
1311 1
834 1
1259 1
531 1
31 3
