0100110001101011101101101101101101101101101101101101101101101101101101101101101101101101101101101101101101101101101101101101101101100111011111111111111011011111110011101111111111110110110111111111110110110110111111111110110110111111111111000101101111111110110110110110110110110110110110110110110100101010100011010101010101010101010101010101010101010101010101010101111101011011011011011111111011011011011011111111001101101101101111111111011011011011111111011011011011011111111010101010101010101010101000101010101010101010101010101010101010101010101010101010101010100100110000110101101001010
589
0 194
517 2
154 2
51 2
177 2
66 2
38 2
374 1
1368 345
52 2
1051 1
275 1
1365 7
190 1
170 1
107 1
224 1
213 1
104 2
135 1
615 1
1291 1
164 1
447 1
183 1
105 2
307 1
125 1
733 2
441 1
1186 1
139 1
334 1
108 1
1217 1
348 1
