0010010011010100011010100110101010101010101010000000100101010101010101010101010101010101010101010101010101010000110010001110101100001010101010101010101010101010101010101010101010000101101101101011100111011101010010101010101010011011011011011011101001101101101101011001011011011011011011011111101101011010111000110010101010101010101010101010101010101010101010101011011011101011011000101010101010010101010101101101101101100110110011010101010101010101101101101101101101100110010101001111101111111111111010000111011011011001101101100110110110110110101010101111011011011011011011010010
580
0 225
221 2
1368 252
283 2
126 2
902 1
242 2
685 1
878 1
892 1
517 5
243 1
868 2
137 4
51 4
890 1
883 1
880 1
865 2
723 1
877 1
344 1
882 1
888 3
339 1
864 3
875 2
62 1
881 2
1203 1
715 1
870 1
405 5
871 1
869 2
174 1
932 1
1245 1
856 2
175 1
192 1
858 1
860 1
533 1
848 3
457 1
857 1
859 1
454 1
397 1
377 1
846 1
581 1
845 2
27 1
847 1
851 1
843 1
451 1
629 1
849 1
640 1
747 1
933 1
678 1
981 1
664 1
1284 1
485 1
895 1
288 1
641 1
784 1
654 1
