10011101010101010101010101010101010101101000000011101101110111111110110111010100101001010100011011011111010111111011011111111111011101111111100000100111110001101111110111110000101001101101100111011011011011011000111101101100000001100101011001101111100101010101001110010101100101101110111110110101011010011011101111101111111111110111101101111111011111111111110001101101101101110110111111111111011011011101101101011001101101111111110101110110101101101101100110110110111111111111010
479
0 120
962 1
1368 265
93 1
938 1
952 1
950 1
940 1
943 1
925 2
344 1
928 2
62 1
937 2
888 1
339 2
942 2
924 3
723 1
405 6
935 1
941 2
948 2
930 2
243 1
1203 1
931 1
929 3
986 1
1245 1
1284 1
517 1
533 1
989 1
856 2
858 1
860 2
848 3
857 1
174 1
859 1
457 2
846 1
454 1
397 1
377 1
844 1
581 1
843 2
27 1
451 1
845 2
630 1
847 1
629 1
666 1
587 1
849 1
640 1
747 1
854 1
678 1
981 1
664 1
485 1
641 1
175 1
715 1
851 1
895 1
288 1
933 1
