010011000110101110110110110110110100011010101010101010101010101010101010101010101010101010101010101010101010101010110110001010101010101011110101010101010010001110110110110110110110110110111111100110110111111011011011011011011111011011011011011011011110110110110110110100110110011010110110110110110110110110110110111101101101111101101101111111110110110011011011011011011011011111111101101001101101111110110110110110100110100110101011101100110110110100110
453
0 161
517 1
154 1
51 1
177 1
66 1
38 1
310 1
1368 237
52 10
384 1
162 1
115 1
1143 1
572 1
151 1
268 1
104 1
197 1
1174 1
609 1
111 1
70 1
1086 1
122 2
204 1
1316 1
28 1
89 1
961 1
97 3
739 1
93 1
940 1
95 1
388 1
1114 1
372 1
105 1
603 1
100 1
251 1
119 1
130 1
228 1
