00110110110110110110110111011011011011011011011011011011011011011011011101101101101101101101101101101101101101101101101101110110110110110110110110110110110110110110110110110110110110110110111010110110110110110111011011011011011011011011110110110110110110110111101101101101101101101101101101101001010101010101010101010101010101011011011011011011011011011001101101101101101101101101101101101101101101101101101101101101101101101101101101101100100110101010101010101010101010101010101010101010101010101010101010101101101101101101101101101101101101101101101101101101101101101101101101101101101101101101101101101101101101101101101101101111011001101101101101101101101101101101101101101101101101101101101101101101101101101101101101101101101101101101101101101110110110110110110110111011011011011011011011011011011011011011101011011011011011011011101011011011011011011011101101101101101101101101101101101101101101101101101101101101101101101101101101101101101101101101111011010
965
282 1
215 1
1368 602
0 333
52 8
104 4
1302 2
662 1
594 1
202 1
1365 2
1325 1
214 1
8 1
277 1
192 1
207 1
1274 1
1240 1
358 1
