01001100001011011011011011000001101101101101101101101101101101101111011000110110110110110110110110110110110110110110110110110110110111011000001111011011011011011011011011011011011011011011011011011011011011011111111111011011000101110110110110110110110110110110110110110110110110110110110110110110110110110110110110110110110110110110110110110110110110110110110110110110110110011010
380
0 122
225 1
146 1
43 1
169 1
331 1
61 1
30 6
1321 6
1368 212
1274 2
1252 1
342 1
127 1
136 1
124 1
94 1
101 1
697 1
297 1
831 1
163 1
356 1
170 1
97 1
13 1
687 1
820 1
1114 1
1059 1
1047 2
213 1
1322 1
441 1
88 1
398 1
