111000010010010101010101010101010101010101010101010101010101110100000110101010101010101010101010101010101010101010101010101010101010101010101010101010101010101010101010101000010010101101010101010101010101010101010101110110111011011111111011011111111011011011011011101010110111011011111111111110101101111111111101101110110111111111101101111101101101101101101101101110110111111111011011111111011001101010101010
408
242 1
69 2
0 151
177 1
293 1
38 7
194 1
31 1
1368 218
389 1
1365 2
61 2
133 1
168 1
697 1
935 1
118 1
92 1
93 1
148 1
89 2
103 1
758 1
986 1
747 1
108 1
804 1
260 1
853 1
121 1
277 1
