110110110110111011010110110110110110110110110110110110110110110110110110111110011100011011101100111000110000111110011101110110110110111011011011011011011011101101101101101101101101101101101101101101101111101101110111111101101101101101101101101101101101101101101101101101101101111110110110110110110110110110110110110110100001111010
330
1368 93
329 1
0 110
1221 1
444 1
989 1
1294 1
935 1
1305 1
675 1
1258 1
231 1
230 1
1174 1
483 1
1094 1
250 1
498 1
38 9
547 1
526 1
169 2
1280 1
497 1
626 1
532 1
210 1
772 1
180 1
409 1
130 1
1066 1
42 2
165 1
610 1
542 1
48 1
430 1
1019 1
115 1
925 1
962 1
178 1
954 1
1023 1
175 2
983 1
825 1
1150 1
1311 1
189 1
1180 1
1106 1
225 2
449 1
176 1
1100 1
1240 1
237 1
1317 1
1198 1
244 1
1321 1
1335 1
297 1
1074 1
1291 1
300 1
1158 1
1112 1
1304 1
277 1
69 1
258 1
136 1
199 1
8 1
276 1
84 1
116 1
311 1
611 1
399 1
454 1
1246 1
306 1
156 1
695 1
211 1
540 1
322 1
151 1
105 1
315 1
1277 1
283 1
140 1
271 1
1360 1
29 1
255 1
1325 1
266 1
235 1
44 1
193 1
227 1
53 1
279 1
91 1
269 1
1358 1
1286 1
1029 1
147 1
360 1
550 1
