1010101010101010101010101010101010101010101010101010101010101010101010101010101010101010101010101010101010101010101010101010000011101101101101101101101101101101101101101101101101101101100110110110001101101101101101101101101101101101101101101101101101101101101101101101101101101101101000110101010101010101010101010101010110110110110110110110110110110110110110110110110110110110110110110110110110110110110110110110110110110110110110110110110110100101010
451
1321 3
0 176
1368 246
1274 1
708 1
344 1
382 1
94 1
101 1
13 2
1101 1
144 1
163 1
324 1
830 1
30 2
370 1
97 1
516 1
1115 1
1055 1
1063 1
213 1
1105 1
103 1
88 1
330 1
