0101010101010101010101010101010101101101101101101101101101101101101101101101101101101000000011011011011011011011011101101101101101101101101101101100111011011011000110110110110110110110110110110110110110110110110110110110110110110110110110110110110100011011011011011011011011011011011011011011011011011011011011011011011011011011011011011011011011011011011011011011011011011011011011011011011010
394
79 1
1321 3
0 135
1368 229
1274 1
118 1
325 1
122 1
136 1
124 1
94 1
101 1
13 2
163 1
1080 1
296 1
30 2
830 1
110 1
97 1
600 1
1115 1
1055 1
1034 1
213 1
1102 1
374 2
