00101000110101011010101010000001100111111001011110110110100000000111110101010101010101010110101010101010101010101010100110110110110110110110110110101101101101100011011011011011011011101101101101101101101101101101101101101101101110110110110110110111101101101101101101111101101101101101101101101101111011011011011011011011011001101101101111011011011011011011011011011011011011001010
380
0 138
192 2
1368 199
1360 2
581 2
126 2
177 1
194 1
357 1
242 2
63 2
38 3
31 1
549 1
80 1
70 1
108 1
366 1
115 1
94 3
102 2
98 1
113 2
93 1
150 1
100 1
153 1
132 1
96 1
878 1
1117 1
117 1
329 1
