11011011011011011011011011011011011011011011011011011011011111111101101101101101101101101101101101101101001101010101010000001111010101001010101010101010101010111101101101101111111111010001011011011011111100110101101101101101101111111110110110111111110011011011111110110110110100101010101010101010101001101101001101001010101010101010
332
1368 164
555 1
0 111
13 6
369 1
81 1
576 2
1364 1
389 1
658 2
351 1
911 2
596 1
365 1
909 1
645 1
436 1
605 1
1086 1
355 1
892 2
915 1
429 1
427 1
889 1
313 1
490 1
886 1
359 1
1172 1
265 1
192 1
521 1
271 1
219 1
648 1
884 1
69 1
585 1
912 2
423 1
58 1
358 1
503 1
374 1
1072 1
105 1
613 1
330 1
