0010100011010101101010101010101010000110101010101010101010101010001101010101010101010101010101010101010101010101010101010101010101010101010101010101010101010101010101010101011100010101010101010101010101011100010101010101010101011101111011011010101010100101000000101010101010101010101010101010101010101010000001110110110110111010000101101101101111111001101101101101101101101111011010101101101011011011011001101011000101101101101101100111101101101000110111011011011011101101011010001100000110101011010
499
0 227
198 2
1368 209
1360 2
122 2
126 2
639 1
258 2
78 1
189 1
109 2
455 2
715 1
699 1
452 1
1113 1
561 1
1 2
650 1
657 1
1365 2
317 1
595 1
700 1
695 1
517 4
152 4
51 4
712 1
513 1
634 1
1275 1
619 1
271 1
624 1
93 1
626 1
633 1
628 1
1002 1
500 1
384 1
615 1
31 4
