0001001001001101010011010100011010100110101010101010101010010101010100000000001010101010101010101010101010101010010101010101010101010101010101010101010101000100100100101010101010101010101100010101010101010101010101010101010101010101010101100011010100011001110110110111010101011101101101101100101010101010101010101010101010101111011011011011101101011011011011101101110110101110000110110110110110111011010110110110110111101110111101101110111011011011110011011011011011011011101101111111110110110100101000000011101101101
517
0 234
184 3
1368 227
142 3
126 3
368 1
258 3
407 1
324 1
327 1
326 1
1365 2
517 7
499 1
137 6
51 6
336 1
91 1
332 1
329 2
1259 1
310 1
1311 1
325 1
531 1
834 1
374 2
277 1
31 3
