011101101101101101101101101101101101101101101101101101101101101101101101101101101101101101101101101101101110110110110100000001101010101010101011110100011010110101011011111110110110110111101101011011011011110110111010101001010110101010101010101011101100101101101111111111001111111111111011000011101000000101010100001101010101010101010101010101010101111101101101111111101101101011000111011011011011011011110110110111111101101101101101111111111101101101101111110100010101010101010101010101010101010101010101010101010101010101010101010101010110111110110110110110110110110110110111100001101101101101101101101101111011011011011110110000101010000111101010101010101010101010101010000010010001010001101010110111000101010011010010
720
343 1
0 268
1368 376
52 2
1051 1
250 1
107 1
195 1
194 7
189 1
10 6
93 7
436 1
258 2
66 6
242 1
31 8
213 1
104 2
121 1
547 1
411 1
105 3
1365 1
276 1
125 1
150 1
951 1
207 3
177 1
274 3
393 1
82 1
38 2
1164 1
331 1
323 1
108 1
1247 1
