0010010011010101101010000110101010101010101010000000110101010101010101010101010101010010101010101010101010010101001001010101010101010101010101010101010101010101010101010101010011000100111100101000000110111011011100011111011011011011011011101101101101101100001110001101101101101101101101101111101101101101101101110011011011011100011011110111111110100110111100101010100110010110011011011011010110010101101101101101101101101110101010110110011010101101101001010111100001101110111111111110011011011101011011011011011011011011011011011011010101011000110110110110010
559
0 206
189 2
1368 252
283 2
126 2
462 1
242 2
781 1
878 1
892 1
517 5
1203 1
868 2
137 4
51 4
890 1
243 1
877 1
880 1
883 1
865 1
723 1
344 1
882 1
864 3
339 1
888 3
62 1
875 2
881 2
715 1
405 4
870 1
871 1
869 2
1245 1
932 1
933 1
175 1
856 2
858 1
174 1
860 1
533 1
848 3
192 1
857 1
457 1
859 1
454 1
846 1
397 1
377 1
845 2
581 1
847 1
27 1
843 1
451 1
851 1
629 1
849 1
640 1
747 1
981 1
678 1
664 1
485 1
1284 1
641 1
895 1
288 1
784 1
654 1
