1101010101010101010101010101010101101000000011011011101011101000111011011011111111110110110110111111101010101000001011011011100110110110110110110111111000110011011011111101111110010101101011001101101101101101101101000010111110110110011011011011101101000011011011111011111111111111011011111111111011010111100001101101110111011101101101111111101101010110011001110001110110110111011011011011011011011011000101010101010101010101010101001101110110101010101010010101010101010100101010101010101010101010101010101110
508
0 151
1368 265
124 1
938 1
952 1
950 1
940 1
943 1
925 2
344 1
928 2
62 1
339 2
888 1
937 2
942 2
924 3
243 1
935 1
723 1
941 2
1203 1
405 6
948 2
930 2
931 1
929 2
1284 1
1245 1
986 1
174 1
856 2
517 1
533 1
858 1
860 2
848 3
857 1
457 2
397 1
859 1
989 1
454 1
581 1
377 1
846 1
844 1
27 1
843 2
451 1
666 1
629 1
630 1
845 2
847 1
175 1
849 1
587 1
747 1
678 1
854 1
640 1
981 1
664 1
715 1
485 1
851 1
641 1
895 1
288 1
933 1
