111011011011011000110101101010111000101010101010101010101010101010101010101010101010101010101010101010101010101010101010101010101101111001011011011011101101101111011011000011101101101101101101111011011110110111101101111101111011011111111110101000110110111111111101101110101101101101111110110111111111110110111101111111010010101010101010101010101010101010101010101010101010101001101101101101101101101101101000101111011011001101011011010100110
441
0 158
1368 238
52 4
162 1
115 1
313 2
104 2
1091 1
479 1
151 1
268 1
70 2
1115 1
373 1
101 1
96 1
1174 1
958 1
89 1
97 4
186 1
983 1
552 1
93 1
940 2
95 1
388 1
122 1
1113 1
371 1
105 1
655 1
100 1
193 1
212 1
130 1
230 1
