001101101101101101101101111011111101101101101111010110110111011011011111111000110110110111111110110110110110110110110111111111111110111011011011011111111111011011011011011011111110101101101111111011011011011011111001101101111101101101111111110101101101101111100110110111111011011011011111111011011011111110011011011011011011011111111011011011111111101101101101101111111110101101101001001101010101010101010101010101010101010101010111011010000101011011011011011111111101101101101101111111110011011011011111101111011011011011111111101101101101101111111110110110110110110111111101110110101010101010101010101010101010101010101010101010101010101010101010101010101010101010101010101010101010101010101010101010101010101010101011010101010010101010101010101010101010111010101010001010101010101010101110101010010010101010101010101010101010101010101010101010101010101010101010101010101011011011011011011011011011011011110110101011011011011011011011011011011011011011011010
960
282 1
215 1
1368 605
0 334
52 4
1168 1
202 1
1365 2
290 1
214 1
18 1
246 1
223 1
207 1
930 1
1296 1
104 1
38 1
149 1
