10010011010101000011010101000111101101101101101100000011000110110110110110110110110110110110110001101110110110110110110110110110110110110110110110110110110110110000110111011110110111100110110110101111011011011011011011011011011011011011011011011011011010001111011011011011011011011011011011011011011011011011011011011011011011011011011011011011011011011011011011011011011011011011011011011011011100010101000110101010001101011000101
431
0 149
193 2
1368 225
1293 2
85 3
169 1
294 1
1294 1
186 2
43 3
61 1
30 6
1321 2
1274 1
1032 1
371 1
127 1
136 1
124 1
70 2
23 2
1286 1
94 1
101 1
876 1
356 1
170 1
97 1
1255 1
821 1
13 2
163 1
875 1
643 1
1047 1
213 1
1104 1
637 1
206 1
1054 1
196 1
88 1
331 1
