001100110011010101010101010101010101111100000101010101010001101101010101010101010101101001010101010110110101010001010101010101010101010101010101010101010111111110000111010101011010101010101010101010101010101011111111111111111111111111111110110111101101111111111011011111101010101010101010101010101010101010101010101010101010101010101010101010101010101010101010101101010110110111101101101101101101101101101101101101101001101010101100
432
126 1
177 1
242 1
69 1
0 177
38 6
330 1
1368 212
1365 7
413 1
134 1
83 1
87 1
339 1
938 1
797 1
904 1
119 1
93 1
94 1
149 1
90 2
104 1
107 1
475 1
313 1
757 1
510 1
583 1
478 1
84 1
1143 1
541 1
