0100110101010100011000111011011011010101010101010101010101010101010101010101010101010101010101010101010101010101010101010011010001101101010100110100011000011110101101010101010101010101010101010101011110101110110110101010111011011011111111111011010110110110110101101101101011010111011011101011011011011101011111010110111011011101101101011011101101101110110101101111111101101111011011110000111101010
397
0 158
193 2
1368 106
6 1
126 1
177 1
242 1
78 1
38 9
433 1
326 2
1219 1
254 1
810 1
826 1
606 1
206 1
393 2
601 1
1297 1
493 1
526 1
169 1
1281 1
496 1
627 1
524 1
210 1
776 1
180 1
409 1
130 1
1071 1
42 1
165 1
609 1
553 1
429 1
1019 1
115 1
925 1
962 1
178 3
571 1
175 1
1110 1
1124 1
825 1
1150 1
1311 1
189 1
880 1
225 1
671 1
1184 1
1105 1
200 1
1264 1
1307 1
222 1
1128 1
212 1
1344 1
12 1
246 1
1218 1
16 1
41 1
32 2
959 1
251 1
1313 1
1152 1
274 2
1315 1
1356 1
217 1
51 1
58 1
307 1
47 1
91 1
277 1
1319 1
27 1
232 2
128 1
18 1
255 2
264 1
106 1
199 1
57 1
272 1
594 1
49 1
162 1
257 1
194 1
296 1
245 1
1258 1
131 1
243 1
271 1
348 1
163 1
252 1
62 1
353 1
174 1
311 1
35 1
267 1
147 1
362 1
537 1
48 1
