010101010101010101010101010101010101010101010101010101010101010101010101010101010101010101010101010101010101010101010101010100000001101101101101101110110110110110110110110110110110110110101010100101010101010101000101010101010101010101010101010101010101010101101101101101101101101011011011011011011011011000101101010101010101010101010101010101101101101101101101101101101101101101101101101101101101101101101101101101101101101101101101101101101101101101101101101101101100101010
474
84 1
1321 8
0 194
1368 240
1274 2
709 1
344 1
122 1
136 1
124 1
94 1
101 1
13 1
297 1
30 4
163 1
830 1
1252 1
370 1
97 1
615 1
1255 1
1113 1
1059 1
1063 2
213 1
499 1
812 1
88 1
330 1
