0101010101010101010101010101010101101101101101101101101101101101101101101101101101101000001011011011011011011011011011011011011011011011011011011000011011011011011011011011011011011011011011011011011011011011011011011011011011011011011011011011000110110110110110110110110110110110110110110110110110110110110110110110110110110110110110110110110110110110110110110110110110110110110110110110
388
79 1
1321 3
0 131
1368 230
1274 1
119 1
325 1
122 1
136 1
124 1
195 1
13 2
1092 1
163 1
110 1
97 1
298 1
30 2
831 1
606 1
805 1
1034 1
213 1
1101 1
378 1
