010011010101000011001011110110110100000000111011101011010101010101010100111011011011011011011011011011011011011011011011011011110110110110110110110110110110110111100110110110110110110110110110110110111101101101111111101101101101101101101101101101101101101101101111111111011000110110110111101101101101101101101101101101111011101001011010010
339
0 114
224 1
1368 176
1360 1
581 1
126 1
177 2
549 1
242 1
63 1
38 2
113 3
443 1
180 1
115 2
94 3
102 2
98 1
195 1
1356 8
125 1
375 1
570 1
93 1
166 1
150 1
100 1
153 1
105 1
172 1
965 1
348 1
96 1
204 1
39 1
328 1
