010011000111001011101101101101101101101101000001110110011011101101101101101100011011001101101101101101101101101101011011011011011111011011111111100111110111111111011011111010111011101110111110110100001101101101001010010101010
225
0 65
517 1
367 1
51 1
177 1
69 1
38 16
358 1
1380 87
18 11
166 1
97 1
75 1
1213 1
213 1
150 1
152 2
151 1
154 2
260 1
55 1
609 1
36 1
155 2
164 1
305 1
157 1
755 1
440 1
165 2
428 1
1049 1
555 1
1234 1
409 1
353 1
1104 1
156 1
148 1
354 1
569 1
529 1
153 1
402 1
102 1
1077 1
