001001001110010001111011011010010101010101010101010101010101010010101010000001110110110110110110110110101011011010010110110110110101110000110111011000101101101101101101101101101101101101101101101101101101100000011011011011111111111110110110111110110110111011011011010110110110110111011011011011011011011011011011011011101101011011011000110001101101101101101010101010010101000110101101101101101101111100110001101010
414
0 161
517 6
152 6
51 6
677 1
1368 202
78 1
718 1
715 1
699 1
452 1
650 1
314 1
657 1
695 1
700 1
1113 1
595 1
1275 1
510 1
561 1
1 2
712 1
619 1
271 1
634 1
93 1
624 1
626 1
633 1
628 1
1002 1
500 1
384 1
615 1
31 2
