000100100100111010101010100001101010011011011011011010101101100000000001101101101101101101110101010101010101011100010101010101010101010101010000100100100110110110110110101010101010101010101010101010111000101010101100110110000000110011000110010101110110111011010111011011011011011101101101101101010101010110101010101010101010111110110110110110110110110110110110110110110110111011010011011011011011011011011011011011011111101101101101111110111111111011011111011011011011011000000011011011101
489
0 211
216 3
1368 227
142 3
126 3
368 1
258 3
407 1
324 1
327 1
326 1
1365 2
517 6
499 1
91 1
137 6
51 6
336 1
332 1
325 1
329 1
1259 1
310 1
1311 1
834 1
531 1
31 3
