1011101101101101101101101101101101101101101101101101101101101101101101101101101101101101111111111011011111111110001011011011101011011011011011011011011011101101101101101101101101101101111110110110110111111111011011011111111010110110110111000011101101101101101101101101101101101101101101101101101101101100001101101101101101101101101101101101101101101101101101101101101101101101101101101101101101101101101101101101101101101101101101101101101101101101101101101101101101101101101101101101101101101100011011011011011011011011011011011011011011011010100110000011110001011010010
571
0 183
374 1
1368 348
52 2
1051 1
275 1
170 1
107 1
1365 5
190 1
221 1
213 1
104 2
135 1
538 1
446 1
105 3
164 1
502 1
125 1
771 1
517 1
154 1
51 1
177 1
336 1
66 1
1164 1
38 1
139 1
355 1
323 1
108 1
1217 1
