010010011010100011010100110101010101010101010000000100101010100010101010101010101010101010101010101011001010101010011010101010100101010110101010110101010101010101010100000101010101010100011000111110011011001101101011001010011011011011011011001101101101101101101011011011011011011011011011011011011011011001101101100101001101101101101101101101101010101010101010101010101010110011001010110010101010101010101010101010100101010100110110110110110010101011011011011010101101100110101101101100101010101100110110110111111101011101101101101100100101010101011011011011011011011011011010101010010
585
0 230
221 2
1368 251
283 2
126 2
902 1
242 2
685 1
878 1
892 1
517 5
137 4
51 5
243 1
890 1
868 2
1203 1
880 1
883 1
865 2
344 1
877 1
888 2
882 1
723 2
864 3
339 1
875 1
881 2
715 1
405 4
870 2
288 1
871 1
1284 1
869 2
175 1
1245 1
932 1
174 1
856 2
858 1
851 1
860 1
848 3
192 1
857 1
533 1
457 1
859 1
454 1
846 1
397 1
377 2
845 3
581 1
847 1
27 1
843 1
895 1
451 1
849 1
629 1
747 1
981 1
664 1
678 1
485 1
933 1
640 1
641 1
784 1
654 1
