0111010101010101010101010101010101011100000001110111110111110110111111101010101010011011011011010101010010101000010100110110110110110110110101100110100110110111101000101011111101111000001101110110110111011011000100110110110100000001001001010101010101011010001101011011001101101101111111101010101010110110110110111101101111111011111110101011010011011011111111111111011011010100011001010101010101010101010110110111111111010101010101010110110111101111111111001101110111011101101110011011010111011011111110110111110
511
962 1
0 149
1368 265
93 1
938 1
952 1
950 1
940 1
943 1
925 3
344 1
62 1
339 2
928 2
937 2
942 2
888 1
924 3
243 1
935 2
1203 1
941 1
405 7
723 1
948 2
930 2
931 1
929 2
895 1
1245 1
986 1
174 1
517 1
533 1
989 1
856 3
858 1
860 2
848 3
857 1
859 1
457 2
454 1
846 1
377 1
397 1
27 1
844 1
581 1
843 2
451 1
845 2
630 1
847 1
666 1
629 1
587 1
849 1
640 1
981 1
854 1
747 1
678 2
664 1
175 1
485 1
715 1
851 1
1284 1
288 1
641 1
933 1
