011101101101101101100011101101101101101101101101101101101101101101101101101101101101101101101101110110110111110010001110110110110110110110110110110110110110110110110110111111011011111111101011011011011011011011110110111111001110011111011011011110110111111110110110110110110110110110110110111101111101100111111111111111111100111011011011011101101111111111110011100111100101111010111011011010100110
396
310 1
0 107
1368 240
52 11
400 1
162 1
115 1
1143 1
520 1
151 1
291 1
104 1
101 1
96 1
474 1
70 3
92 1
89 2
990 1
97 3
813 1
47 1
95 1
422 1
93 1
906 1
1114 1
326 1
122 1
105 1
626 1
100 1
212 2
130 1
227 1
