001101101101101101101101101101101101101101101101101101101101101101101101101101101101101101101101101101101101101101110110101101101101101101101101101101101101101101101101101101101101101101101101101101101101101101101101101110101101101101101111010101101101101101101101101101101101101101101101101100110110110110110110110110110110110110110110110110110011011011011011011011011011011011011011011011011011011011011011011011011011011011011001001111011011011011011011010101010101010101010101011101000101101101101101101110011011011011011111011001011011011011011011011011011011011011110101101101011011011011011011011011011011011011011011110110011011011011011011011011011011011011011011011011011011011011011011011011011011011011011011011011101011011011011011011011011011011011011011011011011011011011011101101011011011011011011011011011011011011011011011011011011011011011011011011011011011011011011011011011011011011011011011011011011011011011011011011011011011010
951
282 1
215 1
1368 600
0 323
52 5
104 3
1302 2
662 1
806 1
202 1
1365 4
1325 1
214 1
8 1
277 1
248 1
207 1
1274 1
1294 1
393 1
