01001100011101101101101100000101101101101101101101101101101101011010101010101010101010101010101010101010101010100110011011011011011011011000001101101101011011011011011011011011011011011011011011011011011011101011011001011110110110101101101101101100010101010101010101010101010101010110110110110110110110110110110110110110110110110110110110110110110110110110110110110110110110110110110110110110110110100101010
407
0 150
225 1
146 1
43 1
500 1
61 1
30 6
1321 4
1368 209
1274 1
342 1
127 1
136 1
124 1
94 1
101 1
615 1
163 1
356 1
170 2
97 1
297 1
831 1
13 1
1356 6
24 1
757 1
827 1
1114 1
1059 1
1047 1
213 1
1103 1
640 1
88 1
399 1
