1101010101010111101010010101000101010101010101000011110101010101010101010101010101010101010101010101010101010101010101010101010101010101010101010110100001110010101110101010101010101010101010101010101010101110001010101010101010101011011111011011010110110110110110110110111111110110110110110111110110100110110110110111111011011111110101011010101010101010101010101010101010101010101010101010101010101010101010101010011010101010
424
0 189
1448 205
485 3
891 1
168 1
134 1
83 1
87 1
920 1
651 1
119 1
93 1
94 1
149 1
90 2
104 1
757 1
38 4
522 1
1235 1
1314 1
987 1
6 1
626 1
84 1
1405 1
