10101010101010101010101010101010101010101010101010101010101010101010101010101010101010101010101010101010101010101000110000011011011011011011011011011011101101101101101100110110101101101101011011011011011011011011011011011011011011011011011011011011011011011011011011011000110110110110110110110110110110110110110110110110110110110110110110110110110110110110110110110110110110110110110110110110110110110110110110100101010
419
1321 3
0 156
1448 230
1194 1
344 1
122 1
574 1
136 1
124 1
94 1
101 1
1221 3
1254 1
163 1
568 1
370 1
147 1
30 3
751 1
97 1
539 1
714 1
339 1
1063 1
213 1
702 1
1443 1
88 1
251 1
