10101010000111101101101101000011011011011011011011011011011011101101101101101101101101101101101101101101101101111011101101111111110110111011011011101101110111101101111111110110111110110111111111010110111111101010110110110110110110110111011011011111110011011011111110101101101010110010100110110010
296
1448 173
0 82
1200 1
581 1
126 1
177 1
548 1
242 1
63 1
38 2
33 3
66 4
330 1
180 1
115 1
94 2
196 1
98 1
205 1
102 1
99 1
483 1
591 1
150 1
1142 1
100 1
134 1
965 1
153 1
347 1
93 1
361 1
96 1
188 1
39 1
328 1
