1101101101101101010101010101010101010101010101010101010101010101010101010101010101010101010101010101010101010101010101010101010101010101010101010101001010101010100001011010101010101010101010101010101010101010101010101010101101001101000101101011011011111100110101101101111111111011011011011111111110110110111111111110110110110
325
1448 143
0 131
981 9
234 1
1206 1
88 1
494 1
1124 1
389 1
1331 1
695 1
350 1
833 1
516 1
356 1
311 1
365 1
830 1
645 2
1083 1
574 1
354 1
807 1
359 1
731 1
48 1
629 1
426 1
808 1
313 1
489 1
813 1
11 1
1026 1
24 1
38 2
528 1
523 1
25 1
23 1
522 1
805 1
69 1
