0010010011100100011111011011011010011010101010101010111100000101010101010100000011001101101101101111001101101101101101101101101101101010101100100010110110110110110110110110110110110110110110110111101010110110000110110111111111110110110000111110110110110110110110110110110110110110110110111011011011011011011011011011011011011010010010101010101010101001111110010001110110110110110110110110100010
394
0 153
517 6
152 6
51 6
677 1
1446 1
1448 187
29 3
399 1
715 1
699 1
380 1
650 1
485 2
77 1
985 1
657 1
700 1
695 1
515 1
315 1
1334 1
561 1
1369 2
712 1
999 1
619 1
1060 1
634 1
624 1
626 1
633 1
628 1
500 1
922 1
227 1
615 1
