00010010011010101101000001101101111011001110100011011000000010101010101010101010101010101010101010101010101010110110110110110100010010101010101010101010101010101010101010100101010101010101010101101110100000110001110110110110110111100110101110110111011011011011011011011011101101101101101101101101101101101101101101101101101101101101101101101101101101101101101101101101110110110101101111111011100101010101010101011011111111110110111
431
0 178
216 3
1448 213
1430 3
126 3
368 1
258 3
895 1
324 1
327 1
326 1
485 2
517 3
987 1
329 1
579 1
137 3
51 3
336 1
332 1
325 1
70 1
227 1
1159 1
1162 1
14 1
157 1
