0111011011011011011011011011011011011011011011011011011011011011011011011011011011011011011011011011011011011000111011111111111111110110111111110110110111111110110110110111011011111111101101111111110110111111111000011101101101101101101101101101101101101101101101101101101010100011010101010011011011011011011011011011011011011011011011011011011011011011011011011011011011011011011011110110110110110111011011011011011011011011011110110110110110110110110110110100010100110001101101100110110110111101010110110111011011011010100100110100110101010010100101010101000101001101010100010001010101010
589
373 1
0 198
1448 336
1340 2
944 1
250 1
302 1
483 1
431 1
213 1
104 2
134 1
485 1
597 1
848 1
329 1
105 2
163 1
624 1
125 1
517 1
154 1
51 1
177 1
441 1
66 3
38 1
1187 1
1238 1
139 1
87 1
153 2
192 2
1138 2
93 2
258 2
194 2
31 4
354 1
459 1
82 1
108 1
1201 1
