010010011010100011010100110101010101010101000000000001001010101010101010101010101010101010101010100101010101001001010100100010010010101010101010101010101010101010101010101010101010101010110010101000110001100111011001100011010011001110010101001100101010101010101101101101101101101101101101101101010111011000011011011011011011011011011011101101101101101101101110001011011101101101101011000010101010101010101010101010101010101010101010101010101010101010101011000111001101100101101101101101100111001100011010100111101101101101100110001101101100
540
0 234
221 2
1368 198
283 2
126 2
849 1
242 2
1013 1
825 1
839 1
517 9
137 8
51 8
837 1
243 1
827 1
830 1
812 2
344 1
815 2
824 1
62 1
829 2
888 1
811 2
1203 1
822 2
339 1
828 2
723 1
405 5
835 1
817 1
818 1
816 2
803 1
805 1
807 1
795 3
851 1
1245 1
288 1
174 1
457 1
454 1
879 1
397 1
377 1
804 1
175 1
806 1
793 1
581 1
533 1
792 2
192 1
794 1
27 1
790 1
715 1
451 1
629 1
796 1
640 1
747 1
981 1
678 1
664 1
485 1
1284 1
