100110101000011100110110110110001101101110110110110110110110111101101101101101101101101101101101101101101101101101101101101101101101101101101101100000001101100111011011011011011011011011011011011011011011011011011011011011011011011011011011011011011011010101101101101101101101101101101101101101101101101101101101101101101101101101101101101101011011011011011011011011011000110110110011011010100110110
399
0 135
190 1
1448 223
1038 1
93 2
177 1
310 1
258 1
66 1
38 1
1340 7
162 1
115 1
1047 1
151 1
89 1
104 1
101 1
96 1
97 3
268 1
848 1
1114 1
95 1
1398 1
429 1
122 1
948 1
171 1
105 1
211 1
667 1
100 1
1419 1
