0010101010101010101010101010101010110110110111111011011011011101101101101101101101101101111101101101101111101101101101101101101101101111010110110110111011011011011011011111101101101101111011011011011011011011011011111011011011011111010110110110110110110110111111011001101101101111011011011011110110110110111101101001101101101101101101101101101101101101101101101101101111110110110110111110110010011101101101110101101010101010101010101010101010101010110111110101011011011011111011011011011111011011011011011011011011111011011011011111011011011011011011011011011111011011011011111011011011011011011011011011111011011011011011011011111011011011011011011011011111011011011011111011011011011111101101101101111101101101101101101101101101111101101101101111101101101101101101101101101111101101101101111101101101101101101101101101111010101101101101111011011010
850
282 1
215 1
1448 570
0 263
1340 2
1184 1
202 1
129 1
214 1
485 2
910 1
246 1
223 1
207 1
1193 1
505 1
1301 1
