1001101010001001101101010010101010101010101010000001010101010101011010101010101010101001001001001001010101010101010101010101010101010101001100011000110001100010101100101011101101101101110101010100010101010101010101010101110110110110110111011100111011011011011100110001010101011000110110110110110110110110101010101010101010101010101010101010101010101011111010110111101110110110110110101100011110100011011011011011011011011101101101101101001001101101101101101101101101101101101110001110110110111111111011011011011011010001100000111010101100111010100100010011100011100001100011000100011101101110101110110111000100101111011011011011010110001010011000100110110110110110110111011011011011010011000110001110110110110110110001110101101101101101101101101101101101101101101101101101111011011011011011101101101101101101101101101101101101101001101101101011011011011011011011010110110110110110110100110110110101101010101010101010101010101010101010
934
0 426
229 6
1380 388
283 2
126 2
413 1
274 2
302 1
429 1
180 1
7 1
517 18
620 1
137 17
51 17
425 1
443 1
435 1
411 2
213 1
1056 1
31 11
949 1
1270 1
405 1
212 1
124 1
792 1
416 2
788 1
220 1
791 1
324 1
936 1
349 1
91 1
1119 1
319 1
328 1
339 1
420 1
1092 1
794 1
415 1
419 1
305 1
323 1
994 1
1086 1
1252 1
1149 1
216 1
881 1
