10010011010100011010100111011011001010000000101001101010101010000011111010010101001000100011010011101101110000011100111001101010101010010101011011101001101101000101010100110101101110110001101101100110101100110101101101011101101110110110110011001101101101101011101010100010101010100110
284
0 110
227 2
1448 90
636 2
126 2
367 1
274 2
511 1
37 2
310 2
781 1
303 3
298 3
1138 1
309 2
540 1
517 4
1133 1
156 4
51 4
314 1
296 3
302 2
687 1
718 1
888 1
297 5
294 1
1140 1
1445 1
1069 1
293 2
812 1
366 1
1011 1
264 1
322 1
384 1
300 2
525 1
299 2
531 1
253 1
376 1
1317 1
699 1
632 1
1028 1
853 1
1083 1
441 1
1240 1
1135 1
158 1
295 1
372 1
