100110000101110110110110110000011011011011011011011011011011011011110110001101101101101101101101101101101101101101101101101000011011101101101101101101101101101101101101101101101101101110110110110110110110110110110110001111111111110110110110110110110110110110110110110110110110110110110110110110110110110110110110110110110110110110110110110110110110011010
354
0 112
225 1
146 1
43 1
169 1
331 1
61 1
30 5
1321 4
1448 205
1194 1
1173 2
342 1
127 1
136 1
124 1
94 1
101 1
190 1
163 1
356 1
170 1
97 1
147 1
751 1
1221 1
1047 1
213 1
90 1
88 1
251 1
