101010100111000101000011101101010101010101010101010101010101010101010100001111010101010101010101010101010101010101010101010101010101010101010101010101010101010101010101011111101000011100110011110111111111111011011101111111111110110111111110110111111111101101111111111011011011111111111011011111111111101101101101101101101101101101101101101101101101101101101101101101101101101111011011010111011010
396
1448 206
0 140
312 1
126 1
242 1
69 2
177 1
38 9
194 1
329 1
31 1
485 8
1061 1
134 1
83 1
87 1
652 1
99 1
260 1
119 1
93 1
94 1
149 1
90 2
104 1
757 1
315 1
1000 1
179 1
988 1
963 1
970 1
1234 1
84 1
1405 1
