0101010101010101010101010101010101010101010101010101010101010101010101010101010101010101010100101010110110110110110001101101110110101101101101101101101101101101101101101100001110110110110110110110110110110110110110110110110110110110110110110110110110110110110110100010101010101010101010101010101010110110110110110110110110110110110110110110110110110110110110110110110110110110110110110110110110110110110110110110100101010
421
84 1
1321 3
0 158
1448 230
1194 1
344 1
122 1
136 1
124 1
573 1
94 1
101 1
1221 3
1224 1
30 3
570 1
163 1
370 1
97 1
177 1
751 1
539 1
1052 1
1063 1
213 1
704 1
1432 1
88 1
251 1
