1010101010101010101010101010101011011011011011011011011011011011011011011011011000000011011011011011101101101101101101101101101101101101101101010011011011011011011011011011011011011011011011011011011011011011011011011011011010001010101010101010101010101010101011011011011011011011011011011011011011011011011011011011011011011011011011011011011011011011011011011011011010
370
1321 3
0 131
1448 217
1194 1
863 1
325 1
122 1
136 1
124 1
94 1
101 1
1221 2
163 1
931 1
110 1
97 1
227 1
1034 1
213 1
702 1
656 1
