0010010011010101101010101000000111110000010101010111011010000101101101101101100110110110110110110110110110110110110110110110110110110110111111011110110111011011101101101111011111011011111011011110111011010101101101101101101101101101101101101101101101101101110110110111111101101101111111111111111001101101111111010101011010011011011111110110110010010
349
0 104
192 2
1448 183
1200 2
581 2
126 2
177 1
194 1
357 1
242 2
63 3
38 3
31 2
550 1
1438 1
28 1
368 2
115 1
94 2
102 2
33 6
98 1
465 1
1001 1
249 1
66 3
99 2
516 1
150 1
604 1
1143 1
100 1
1068 1
153 1
347 1
96 1
212 1
132 1
93 1
1111 1
362 1
1113 1
95 1
