011101101101101101101001101010101010101010101010101010101010101010101010101010101010101010101010101010101010101010101010101010101111101001010101010101010101010101010000110110101010101010101010101010101010101010101010101010101010101010100110100010110100110110111111101101001101101111111110110110110111111111011011011111111110110101101001010101010101010101001101101001011001101101110
381
310 1
0 155
1448 159
824 1
981 9
224 1
75 1
494 2
1124 1
1113 1
388 1
1338 1
688 1
344 1
834 1
516 2
355 1
56 1
32 2
983 1
819 1
358 1
829 1
645 1
1077 1
568 1
348 1
805 2
359 2
420 1
813 1
13 1
244 1
807 1
313 1
490 1
812 1
1004 1
33 1
521 1
24 2
1019 1
560 1
69 1
585 1
831 1
1345 1
830 2
343 1
374 1
1072 1
83 1
879 1
283 1
