00100100111010101010101010101001001101101101101100101101101101101111001101101101101010101010101010101010101010101010101010101010101010101010101010101010101010101010101010101010101010101010101010101010101010111111110001010101010101010101010101001010101010101010101010101000000101010101010101010101010101010101010101010000001101010110110110110110110001101101101101111011011010110011011011011010101111111111011011011011110110110111011011011011000110111011011011011011011010010
473
0 200
198 2
1448 213
1200 2
1410 2
126 2
258 2
639 1
1446 1
29 2
457 1
715 1
699 1
485 4
1343 1
984 1
569 1
561 1
872 1
333 1
1369 2
650 1
657 1
515 1
77 1
700 1
695 1
517 3
152 3
51 3
498 1
619 1
712 2
1278 1
634 1
807 1
1060 1
999 1
624 1
626 1
633 1
628 1
922 1
500 1
615 1
