1001001101000110100110110110110110101101000000010101010101010101010101010101010101010101010101010010010010010101010101010101010101011100010101010101010110101010101011100101000110110110000000101110110111011100110110111011011010110110111011011011101101101101101101110110110110110110110110110110110110110110110110110110110110110110110110110110110110110110110110110110110110110110110110110110110110110110110110111111101011011011111110010010
436
0 182
184 2
1448 211
1430 2
126 2
368 1
258 2
895 1
324 1
327 1
485 2
517 4
137 4
51 4
987 1
329 2
326 1
336 1
332 1
325 1
227 1
70 1
579 1
1162 1
1159 1
977 1
642 1
374 2
277 1
