0100110101010010101011101101101101101101101101101101101101101101101101101101101101101101101101101101101101101101101101101101101100000001110110101011000110111111010110111111101011011111111100111010101010101010110111111111100011101101101101101010110101010101101100111011100110111100000010110110111010101101000101010100011101000110101010101010101010101010101010110110111111101101111111011000110111111110110111111110110111111111011011101101111111110110111011011111111101101101101101111101101101101111110110111111111101101111111111011011011000011011111101101111110110111111111110110001010001110101010101010100100011100000101101010011010010
634
0 206
196 1
1448 347
1138 6
93 6
258 3
177 2
66 6
38 2
343 1
1340 4
1232 1
1162 1
250 1
107 2
195 1
194 6
189 1
31 8
910 1
242 1
108 2
951 1
999 1
213 1
225 1
998 1
367 1
105 3
488 1
104 1
125 1
150 1
485 1
856 1
207 2
274 2
336 1
1163 1
139 1
355 1
323 1
1245 1
