0001010001101010101010101000011010100110101010101010101010000000000100101101010101010101010101010010101010101010101010101010100100110001001100010010101010101010101010101010101010101010100101010101010111000011101110010101010101011010000110001100010110110110101010101010101010101010101010101010101010101011001010101010101010101011001100101010101011010101010101010101010101010101010101010101010101010111111111110010101010101010101010101010100110001011011101101101101000
466
0 222
189 3
1368 168
283 3
126 3
462 1
242 3
1067 1
825 1
839 1
837 1
517 6
344 1
812 2
137 6
51 6
827 1
830 1
243 1
339 1
815 2
62 1
888 1
824 1
1203 1
829 1
811 2
822 1
828 1
723 1
405 4
835 1
817 1
715 1
818 1
816 2
803 1
805 1
807 1
1245 1
288 1
1284 1
174 1
457 1
879 1
454 1
397 1
795 1
