110101010101010101010101010101010101000000000011011010101010101011011011010101101101011011110001101101101010101101011011101010101010001001001001101101101101101101111101101001101101101101101010110111110111111111111001100110011011011000000001101101101101101101011001010101001001010100101010101010111000011011011001011011011011011011011111111011011011111111011011011111110110110110110110110101010101101011011011100011100010
420
0 135
1368 206
416 1
885 1
899 1
897 1
887 1
890 1
872 2
875 2
884 2
889 2
62 1
723 1
344 1
405 7
888 2
871 2
882 1
895 1
243 1
877 1
1203 1
878 1
876 2
933 2
174 1
1245 1
851 1
803 1
805 1
807 2
795 3
804 1
806 1
517 1
533 1
457 1
377 1
581 1
793 1
454 1
27 1
397 1
791 1
989 1
790 2
451 1
792 2
629 1
794 1
666 1
630 1
587 1
796 1
640 1
175 1
801 1
747 1
981 1
678 1
664 1
