10010011010100011010100011100110110110110110000000110110001110110101011011011011011011011010001101101101101110110110110110110110110110110110110111010101010100110000110110110110110110110110110110101101101101100010010010100000101010101011010101010101010101010101010101010101010101010101010011011011011011011011011011011011011011011011011011011011011011011011011011011011011011011011011011011011001101101101101101101101101101101101101000110110110110110110110110110110101010100110101010011011010001001
497
0 191
190 2
1448 238
1038 4
93 5
487 1
194 3
258 4
66 4
38 1
1340 7
30 1
31 4
162 1
115 1
106 1
99 1
192 2
1234 1
151 1
89 1
104 1
101 1
96 1
97 3
225 1
848 1
1114 1
1007 1
95 1
414 1
122 1
429 1
932 1
233 1
105 1
212 1
645 1
100 1
74 1
130 1
198 1
