001110110110110110110110110110111011011011011011011011011011101101101101101101101101101101101101101101101101101101101101101101110111011011011011011011011101011011011011011011101011011011011011011011011011011011011011011011011011011011011011011101101101101101101101101101100110110110110110110110110110110110110110110110110101101101110110101101101101101101101101110110110110110110110110110110110110110100100110101010101010101010101010
432
282 1
215 1
0 146
1448 268
1340 2
1232 1
209 1
1124 1
1164 1
202 1
485 1
1438 1
214 1
1410 1
246 1
223 1
207 1
831 1
503 1
