0100100110101000110101010011010101010101010101010000001010101010101010101010101010101010100100101010101010101010101010001010101010101010101001100011000101010101010101010101010101010110100100011001110110110110110011101101101101101010101010101010101010101010101010101010101010101010111011011011011111101110000110001110110110110110110001010101011011011111111010101010101001101001110110110110110101010101010101010100110110110110110110110101100010100110000101010101010101010111010101001001010101010101100011101101101101101100110100101010101010101010101010101010101010101010101010100001110101011001000111100100111010110110110010010001100011000111010011000111010101001100011101101101101101100101100011101101101101101101101
715
0 360
197 2
1380 257
283 2
126 2
413 1
274 2
302 1
429 1
180 1
7 1
517 16
619 1
137 14
51 14
425 1
443 1
213 1
411 2
435 1
1056 1
31 9
939 1
1270 1
949 1
405 1
212 1
155 1
641 1
220 1
416 1
349 1
324 1
791 1
1119 1
936 1
91 1
339 1
794 1
328 1
319 1
420 1
1092 1
415 1
419 1
229 1
