100100110101000110101001101101100101000000101001010001101010010011111011010101010101010101100101000000000110111110110111010000001011010110110110101010110110110110100011010011011001101101101101110001101011010110011001101101010110111011011101101100110110011011011011011010111010101001001010010
291
0 106
195 2
1448 98
636 6
126 6
367 1
274 6
511 1
37 2
310 2
781 1
303 3
298 3
1138 1
309 2
517 4
540 1
314 1
1133 1
887 1
296 3
302 2
1140 1
688 1
1445 1
297 5
294 1
718 1
1069 1
264 1
812 1
366 1
293 2
1011 1
322 1
384 1
300 2
253 1
531 1
299 2
1317 1
525 1
376 1
699 1
632 1
1028 1
853 1
1083 1
441 1
1240 1
1135 1
158 1
295 1
