10010011010101000011010101000111110110110110011011000001110001101101101101101101101101101101111011000110101110110110110110110110110110110110110110011011011011000011111111111101101101101101101101101101101101101101101101101101101101101101000110101010101010101010101010101010101010101010101010101010101010101010101010101010101010101010101010101010101010101010101101101101101101101101101101101101101101101100011010100110101010000111000101010101
440
0 173
193 2
1448 216
1052 2
85 3
169 1
294 1
1054 1
186 2
43 3
61 2
30 5
1321 3
1194 1
371 1
127 1
136 1
124 1
23 2
94 1
101 1
163 1
829 1
356 1
170 1
97 1
1221 1
1171 1
1047 1
213 1
701 1
841 1
230 1
1403 1
195 1
88 1
70 1
250 1
